[1,2,1,2,1,3,3]
2
8

[1,2,1,2,1]
2
6

[1,2,1,2,1]
5
10

[64,64,57,44,46,69,64,62,32,49,11,19,5,46,76,69,35,77,39,46,8,67,66,20,4,16,46,32,60,6,22,76,55,21,10,35,77,59,36,49,55,11,42,67,26,67,24,78,37,6,31,62,54,42,58,37,56,4,7,43,59,17,17,63,58,76,5,69,28,37,2,21,62,24,10,52,13,40,41,54,57,27,29,26,28,9,4,8,49,13,74,1,59,2,20,71,60,36,2,77,61,73,77,68,15,70,28,74,39,75,56,24,26,56,65,30,57,29,22,23,68,16,1,34,71,55,60,6,32,50,48,28,8,74,10,32,2,29,69,72,51,27,5,6,10,46,71,71,33,15,77,30,12,59,18,3,74,70,36,58,17,67,7,48,73,7,59,23,47,22,39,78,70,68,75,47,13,71,31,7,40,31,53,58,14,28,23,19,4,77,58,73,78,29,39,78,31,64,21,53,71,19,21,9,41,54,30,66,52,42,14,2,31,68,67,46,43,68,60,77,32,29,22,33,74,44,19,41,78,50,39,45,6,46,10,51,73,70,57,75,61,34,11,44,69,35,76,41,60,78,39,53,78,8,37,74,6,10,3,58,31,52,31,52,53,64,60,69,68,70,42,17,28,77,52,60,27,77,16,31,23,32,15,60,35,22,0,73,7,17,73,28,48,18,7,74,41,51,30,57,15,26,43,4,50,72,2,34,32,78,78,57,62,63,51,38,33,62,74,41,34,27,68,50,0,14,56,44,22,39,34,47,9,60,71,13,66,70,43,46,11,59,42,36,4,10,44,7,68,20,7,53,17,1,47,37,41,21,78,70,14,25,11,70,34,53,16,50,1,62,51,66,48,19,52,47,41,7,23,77,5,53,62,31,5,19,47,68,67,44,53,63,51,44,2,30,39,39,19,72,25,14,69,53,47,27,7,37,28,10,30,70,73,20,26,13,25,2,38,40,28,13,30,41,11,4,63,62,3,78,48,8,69,58,66,23,6,70,9,12,38,28,70,72,7,66,44,77,19,13,57,5,50,17,43,20,45,50,77,34,32,59,55,53,23,19,53,47,14,75,12,14,49,69,49,6,77,49,48,31,11,40,35,1,74,63,35,11,6,67,45,39,24,10,24,50,38,40,12,19,40,63,53,67,56,55,37,30,51,57,73,34,48,14,44,15,72,26,46,64,62,14,29,49,9,51,41,20,40,3,55,75,14,30,66,14,75,77,25,29,68,8,18,71,70,50,39,41,41,2,17,37,44,40,52,48,58,26,77,69,59,53,11,23,15,24,66,15,26,59,54,28,40,12,13,36,18,36,40,45,23,1,58,37,73,20,38,8,13,67,28,12,68,54,9,18,12,43,11,8,12,61,57,74,69,65,62,15,23,62,71,42,36,1,22,58,21,63,9,32,77,28,38,76,9,47,55,1,54,68,73,21,2,3,58,35,58,22,70,0,41,5,64,37,42,23,28,71,0,37,18,28,61,75,71,55,72,43,47,11,15,64,5,24,11,75,55,28,52,42,18,32,30,77,67,5,58,5,4,20,27,27,21,73,39,18,42,31,60,64,53,44,9,29,67,19,10,19,30,26,76,14,74,5,60,56,62,12,20,55,59,61,12,5,61,35,49,69,71,32,57,46,3,43,7,70,66,18,3,67,30,26,61,35,14,4,11,8,8,52,44,47,36,25,5,18,11,6,68,57,15,14,6,48,55,16,5,48,49,55,45,60,19,32,68,17,38,73,76,35,16,56,24,29,2,69,58,41,11,14,63,68,4,45,14,55]
2
135

[0]
100
100
