[2,4,-2]
5
2

[1,-2,3,4,-10,12]
16
10

[-487322177,-656480132,850198596,-291605661,-272668395,110865952,-162529283,-145886963,202657909,125667049,-282090943,120877054,-85849348,-482630078,-802177895,-574862206,374637017,804297842]
1707
1493582115

[-5,5,5]
4
5

[-1]
2
-1

[153123449,-974739108,-408679566,-996444415,-978921261,805907128,-102259288,-397930077,51033052,-193994032,158654659,-486195972,-294264190,-65262667,375941242,-890038230,315970860,403847239,-32469129,-350561293,192113942,794248972,-632675681,434029943,746632801,500370163,164413366,346449701,473890512]
1906
5133036302

[1,1,1,-1]
16
-1

[-91282107,-541711002,-276822556,90917395,834041510,-840892824,-508608840,-147048391,557843113,272412766,-918980912,820869808,385517519,-341785025,486628402,993154325,-629135417,677219246,62835597,64218970,928242835,896481126,-738154826,478700010,-893696727,-119562113,-43819130,-987768829,157402884,-386180872,237072809,-919540108,267447436,201913793,-281453262,168068441,690937145,894616338,428922554,355032016,-282793837,-445107592,-559015912,266029154,-245027665,324705364,-727272924,186301685,-905146561,-209906218,111448330,7925324,-103030197,62731785,652384508,242259114,56539784,69378804,190147339,-844137898,-595488526,-731717935,-480766744,767916483,119646172,16969979,906477612,387179801,-845067849,-703297363,816507867,436741820,285885943,-305638994,374442522,-657030826,-770219295,-543436120,612879155,646087640,-403176698,393578994,-155171985,-408422544,-487489088]
1477
-111111111111111111
