3
5
[[1,4,2],[2,2,7],[2,1,3]]
19

4
6
[[3,2,10],[1,4,2],[4,1,3]]
32

9
7
[[4,3,2],[5,3,16],[4,4,18],[8,7,6]]
54

37
77
[[14,74,854821],[30,12,174250],[18,69,404588],[16,28,397200],[15,21,230183],[24,67,488322],[32,11,939264],[36,65,109376],[36,26,31005],[18,35,252581],[36,39,847836],[21,13,952154],[5,12,673696],[1,64,786685],[25,57,313498],[12,52,225432],[23,22,974823],[31,22,115297],[21,31,3510],[20,19,918257],[15,34,599419],[29,4,462931],[25,14,453506],[23,10,292664],[4,41,23316],[37,40,912589],[1,34,133316],[11,28,97273],[31,39,653153],[26,72,819786],[30,29,231258],[31,33,13925],[35,18,600535],[31,56,650955],[26,77,103706],[17,59,478099],[4,73,16385],[25,7,121233],[14,22,810454],[20,36,80354],[31,35,759126],[30,33,485780],[6,11,191262],[34,23,791415],[21,71,881015],[28,29,337974],[36,47,827514],[15,77,711172],[22,48,594248],[10,2,436036],[25,28,836233],[3,14,208677],[35,5,623841],[18,19,193280],[5,2,290253],[16,27,394638],[36,55,780858],[11,23,744047],[7,18,469689],[19,50,322272],[14,30,627635],[31,51,670099],[17,43,563567],[22,37,712140],[10,6,254856],[29,54,697606],[32,55,283362],[14,24,654939],[5,34,344103],[35,37,476223],[18,21,504281],[2,50,165147],[9,4,162872],[24,11,784865],[1,59,725895],[9,63,128784],[20,15,842437],[36,73,467049],[1,70,293232],[30,2,525925],[12,67,731698],[8,17,468190],[28,13,170552],[29,60,799161],[15,28,574997],[22,59,993350],[16,33,247367],[20,18,984622],[13,43,222203],[13,64,432858],[13,2,111827],[34,72,279435],[28,71,359038],[4,76,236617],[18,1,173874],[5,53,429443],[10,70,250160],[18,28,167054],[13,3,171181],[22,74,795233],[17,2,716515],[27,40,428043],[32,23,313958],[19,41,98903],[34,13,702232]]
79128416
