[1,0,0,0,0,1]
[[0,1],[1,2],[2,3],[3,4],[4,5]]
2

[0,0,0,1,1,0,0,1]
[[0,1],[0,2],[1,3],[1,4],[2,5],[5,6],[5,7]]
2

[1,0,0,1,1,0,0,0,0,1,0,0]
[[0,1],[1,2],[1,3],[2,4],[4,5],[5,6],[5,7],[4,8],[7,9],[7,10],[10,11]]
4

[0,0,0,0,0,0]
[[0,1],[1,2],[2,3],[3,4],[4,5]]
0

[1,1,1,0,0,0,0,0,1,0,0,1,1,0,1,1,0,0,1]
[[0,1],[1,2],[2,3],[1,4],[4,5],[5,6],[6,7],[3,8],[6,9],[7,10],[10,11],[10,12],[7,13],[12,14],[13,15],[14,16],[15,17],[10,18]]
12

[1,0,0,0,1]
[[0,1],[1,2],[2,3],[3,4]]
0

[1,0,0,0,0,1]
[[0,1],[1,2],[2,3],[3,4],[4,5]]
2
