[21,18,18,18,31]
[34,32,16,16,17]
2

[5,10,16,-6,15,11,3]
[16,22,23,23,25,3,-16]
3

[28,-13,28,36,15,38,33,8,-6,-16,5,-5,10,23,-7,28,38,-1,37,20,10,31,-12,1,-15,37,30,18,32,34,3,32,-15,10,24,-5,-8,-16,17,-1,-4,36,26,23,31,18,29,28,1,-7,-17,19,40,31,-12,17,16,7,22,37,33,13,-14,14,35,7,23,27,27,33,17,28,8,7,-12,23,9,37,-15,-6,-9,-11,-20,2]
[-12,-19,-14,35,-13,20,-15,35,29,6,-19,19,-15,-16,-16,1,21,6,11,13,28,9,-12,-8,-15,6,-5,-10,14,14,-5,20,-10,20,-5,17,-9,-15,-6,19,26,-4,30,0,34,20,29,38,38,-20,-17,25,35,6,21,10,19,33,13,-19,20,10,7,31,17,24,37,1,37,4,7,40,-3,7,33,18,31,13,24,11,20,11,-9,-5]
7
